BEGIN TIMEDATA
# T ( SEC  V  R 50 )
%   time      voltage
0.000000e+000  1.000000
5.000000e-011  1.000000
1.000000e-010  1.000000
1.500000e-010  1.000000
2.000000e-010  1.000000
2.500000e-010  1.000000
3.000000e-010  1.000000
3.500000e-010  1.000000
4.000000e-010  1.000000
4.500000e-010  1.000000
5.000000e-010  1.000000
5.500000e-010  1.000000
6.000000e-010  1.000000
6.500000e-010  1.000000
7.000000e-010  1.000000
7.500000e-010  1.000000
8.000000e-010  0.000000
8.500000e-010  0.000000
9.000000e-010  0.000000
9.500000e-010  0.000000
1.000000e-009  0.000000
1.050000e-009  0.000000
1.100000e-009  0.000000
1.150000e-009  0.000000
1.200000e-009  0.000000
1.250000e-009  0.000000
1.300000e-009  0.000000
1.350000e-009  0.000000
1.400000e-009  0.000000
1.450000e-009  0.000000
1.500000e-009  0.000000
1.550000e-009  0.000000
1.600000e-009  0.000000
1.650000e-009  0.000000
1.700000e-009  0.000000
1.750000e-009  0.000000
1.800000e-009  0.000000
1.850000e-009  0.000000
1.900000e-009  0.000000
1.950000e-009  0.000000
2.000000e-009  0.000000
2.050000e-009  0.000000
2.100000e-009  0.000000
2.150000e-009  0.000000
2.200000e-009  0.000000
2.250000e-009  0.000000
2.300000e-009  0.000000
2.350000e-009  0.000000
2.400000e-009  0.000000
2.450000e-009  0.000000
2.500000e-009  0.000000
2.550000e-009  0.000000
2.600000e-009  0.000000
2.650000e-009  0.000000
2.700000e-009  0.000000
2.750000e-009  0.000000
2.800000e-009  1.000000
2.850000e-009  1.000000
2.900000e-009  1.000000
2.950000e-009  1.000000
3.000000e-009  1.000000
3.050000e-009  1.000000
3.100000e-009  1.000000
3.150000e-009  1.000000
3.200000e-009  0.000000
3.250000e-009  0.000000
3.300000e-009  0.000000
3.350000e-009  0.000000
3.400000e-009  0.000000
3.450000e-009  0.000000
3.500000e-009  0.000000
3.550000e-009  0.000000
3.600000e-009  1.000000
3.650000e-009  1.000000
3.700000e-009  1.000000
3.750000e-009  1.000000
3.800000e-009  1.000000
3.850000e-009  1.000000
3.900000e-009  1.000000
3.950000e-009  1.000000
4.000000e-009  1.000000
4.050000e-009  1.000000
4.100000e-009  1.000000
4.150000e-009  1.000000
4.200000e-009  1.000000
4.250000e-009  1.000000
4.300000e-009  1.000000
4.350000e-009  1.000000
4.400000e-009  0.000000
4.450000e-009  0.000000
4.500000e-009  0.000000
4.550000e-009  0.000000
4.600000e-009  0.000000
4.650000e-009  0.000000
4.700000e-009  0.000000
4.750000e-009  0.000000
4.800000e-009  0.000000
4.850000e-009  0.000000
4.900000e-009  0.000000
4.950000e-009  0.000000
5.000000e-009  0.000000
5.050000e-009  0.000000
5.100000e-009  0.000000
5.150000e-009  0.000000
5.200000e-009  1.000000
5.250000e-009  1.000000
5.300000e-009  1.000000
5.350000e-009  1.000000
5.400000e-009  1.000000
5.450000e-009  1.000000
5.500000e-009  1.000000
5.550000e-009  1.000000
5.600000e-009  1.000000
5.650000e-009  1.000000
5.700000e-009  1.000000
5.750000e-009  1.000000
5.800000e-009  1.000000
5.850000e-009  1.000000
5.900000e-009  1.000000
5.950000e-009  1.000000
6.000000e-009  1.000000
6.050000e-009  1.000000
6.100000e-009  1.000000
6.150000e-009  1.000000
6.200000e-009  1.000000
6.250000e-009  1.000000
6.300000e-009  1.000000
6.350000e-009  1.000000
6.400000e-009  0.000000
6.450000e-009  0.000000
6.500000e-009  0.000000
6.550000e-009  0.000000
6.600000e-009  0.000000
6.650000e-009  0.000000
6.700000e-009  0.000000
6.750000e-009  0.000000
6.800000e-009  1.000000
6.850000e-009  1.000000
6.900000e-009  1.000000
6.950000e-009  1.000000
7.000000e-009  1.000000
7.050000e-009  1.000000
7.100000e-009  1.000000
7.150000e-009  1.000000
7.200000e-009  0.000000
7.250000e-009  0.000000
7.300000e-009  0.000000
7.350000e-009  0.000000
7.400000e-009  0.000000
7.450000e-009  0.000000
7.500000e-009  0.000000
7.550000e-009  0.000000
7.600000e-009  0.000000
7.650000e-009  0.000000
7.700000e-009  0.000000
7.750000e-009  0.000000
7.800000e-009  0.000000
7.850000e-009  0.000000
7.900000e-009  0.000000
7.950000e-009  0.000000
8.000000e-009  1.000000
8.050000e-009  1.000000
8.100000e-009  1.000000
8.150000e-009  1.000000
8.200000e-009  1.000000
8.250000e-009  1.000000
8.300000e-009  1.000000
8.350000e-009  1.000000
8.400000e-009  0.000000
8.450000e-009  0.000000
8.500000e-009  0.000000
8.550000e-009  0.000000
8.600000e-009  0.000000
8.650000e-009  0.000000
8.700000e-009  0.000000
8.750000e-009  0.000000
8.800000e-009  0.000000
8.850000e-009  0.000000
8.900000e-009  0.000000
8.950000e-009  0.000000
9.000000e-009  0.000000
9.050000e-009  0.000000
9.100000e-009  0.000000
9.150000e-009  0.000000
9.200000e-009  1.000000
9.250000e-009  1.000000
9.300000e-009  1.000000
9.350000e-009  1.000000
9.400000e-009  1.000000
9.450000e-009  1.000000
9.500000e-009  1.000000
9.550000e-009  1.000000
9.600000e-009  1.000000
9.650000e-009  1.000000
9.700000e-009  1.000000
9.750000e-009  1.000000
9.800000e-009  1.000000
9.850000e-009  1.000000
9.900000e-009  1.000000
9.950000e-009  1.000000
1.000000e-008  1.000000
1.005000e-008  1.000000
1.010000e-008  1.000000
1.015000e-008  1.000000
1.020000e-008  1.000000
1.025000e-008  1.000000
1.030000e-008  1.000000
1.035000e-008  1.000000
1.040000e-008  0.000000
1.045000e-008  0.000000
1.050000e-008  0.000000
1.055000e-008  0.000000
1.060000e-008  0.000000
1.065000e-008  0.000000
1.070000e-008  0.000000
1.075000e-008  0.000000
1.080000e-008  1.000000
1.085000e-008  1.000000
1.090000e-008  1.000000
1.095000e-008  1.000000
1.100000e-008  1.000000
1.105000e-008  1.000000
1.110000e-008  1.000000
1.115000e-008  1.000000
1.120000e-008  0.000000
1.125000e-008  0.000000
1.130000e-008  0.000000
1.135000e-008  0.000000
1.140000e-008  0.000000
1.145000e-008  0.000000
1.150000e-008  0.000000
1.155000e-008  0.000000
1.160000e-008  0.000000
1.165000e-008  0.000000
1.170000e-008  0.000000
1.175000e-008  0.000000
1.180000e-008  0.000000
1.185000e-008  0.000000
1.190000e-008  0.000000
1.195000e-008  0.000000
1.200000e-008  1.000000
1.205000e-008  1.000000
1.210000e-008  1.000000
1.215000e-008  1.000000
1.220000e-008  1.000000
1.225000e-008  1.000000
1.230000e-008  1.000000
1.235000e-008  1.000000
1.240000e-008  0.000000
1.245000e-008  0.000000
1.250000e-008  0.000000
1.255000e-008  0.000000
1.260000e-008  0.000000
1.265000e-008  0.000000
1.270000e-008  0.000000
1.275000e-008  0.000000
1.280000e-008  1.000000
1.285000e-008  1.000000
1.290000e-008  1.000000
1.295000e-008  1.000000
1.300000e-008  1.000000
1.305000e-008  1.000000
1.310000e-008  1.000000
1.315000e-008  1.000000
1.320000e-008  1.000000
1.325000e-008  1.000000
1.330000e-008  1.000000
1.335000e-008  1.000000
1.340000e-008  1.000000
1.345000e-008  1.000000
1.350000e-008  1.000000
1.355000e-008  1.000000
1.360000e-008  1.000000
1.365000e-008  1.000000
1.370000e-008  1.000000
1.375000e-008  1.000000
1.380000e-008  1.000000
1.385000e-008  1.000000
1.390000e-008  1.000000
1.395000e-008  1.000000
1.400000e-008  0.000000
1.405000e-008  0.000000
1.410000e-008  0.000000
1.415000e-008  0.000000
1.420000e-008  0.000000
1.425000e-008  0.000000
1.430000e-008  0.000000
1.435000e-008  0.000000
1.440000e-008  1.000000
1.445000e-008  1.000000
1.450000e-008  1.000000
1.455000e-008  1.000000
1.460000e-008  1.000000
1.465000e-008  1.000000
1.470000e-008  1.000000
1.475000e-008  1.000000
1.480000e-008  0.000000
1.485000e-008  0.000000
1.490000e-008  0.000000
1.495000e-008  0.000000
1.500000e-008  0.000000
1.505000e-008  0.000000
1.510000e-008  0.000000
1.515000e-008  0.000000
1.520000e-008  0.000000
1.525000e-008  0.000000
1.530000e-008  0.000000
1.535000e-008  0.000000
1.540000e-008  0.000000
1.545000e-008  0.000000
1.550000e-008  0.000000
1.555000e-008  0.000000
1.560000e-008  0.000000
1.565000e-008  0.000000
1.570000e-008  0.000000
1.575000e-008  0.000000
1.580000e-008  0.000000
1.585000e-008  0.000000
1.590000e-008  0.000000
1.595000e-008  0.000000
